0.0
0.479425538604203
0.8414709848078965
0.9974949866040544
0.9092974268256817
0.5984721441039564
0.1411200080598672
-0.35078322768961984
-0.7568024953079282
-0.977530117665097
-0.9589242746631385
-0.7055403255703919
-0.27941549819892586
0.21511998808781552
0.6569865987187891
0.9379999767747389
0.9893582466233818
0.7984871126234903
0.4121184852417566
-0.0751511204618093
-0.5440211108893698
-0.87969575997167
-0.9999902065507035
-0.8754521746884285
-0.5365729180004349
-0.06632189735120068
0.4201670368266409
0.803784426551621
0.9906073556948704
0.934895055524683
0.6502878401571168
0.2064674819377966
-0.2879033166650653
-0.711785342369123
-0.9613974918795568
-0.9756260054681576
-0.750987246771676
-0.34248061846961253
0.14987720966295234
0.605539869719601
0.9129452507276277
0.9968297942787993
0.8366556385360561
0.47163900309419615
-0.008851309290403876
-0.4871745124605095
-0.8462204041751706
-0.9980820279793963
-0.9055783620066239
-0.5913575298651244
-0.13235175009777303
0.3590583540221683
0.7625584504796027
0.979357643103917
0.956375928404503
0.6992400316550977
0.27090578830786904
-0.22375564018679642
-0.6636338842129675
-0.9410314083429535
-0.9880316240928618
-0.7931272394572851
-0.404037645323065
0.08397445569174683
0.5514266812416906
0.8838704235458307
0.9999118601072672
0.8711400001691764
0.5290826861200238
0.057487478104924564
-0.428182669496151
-0.8090187662119065
-0.9917788534431158
-0.9317168878547055
-0.6435381333569995
-0.19779879963646227
0.2963685787093853
0.7179745927716441
0.9637953862840878
0.9736454556949781
0.7451131604793488
0.33415117684842055
-0.158622668804709
-0.6125601529754697
-0.9165215479156338
-0.996086503119594
-0.8317747426285983
-0.46381551598382736
0.017701925105413577
0.4948853175526281
0.8509035245341184
0.9985908724117705
0.9017883476488092
0.5841965844132856
0.123573122745224
-0.36730534913419133
-0.7682546613236668
-0.981108438603097
-0.9537526527594719
-0.6928849542336957
-0.26237485370392877
0.23237376165548454
0.6702291758433747
0.9439891127251193
0.9866275920404853
0.7877052269841179
0.39592515018183416
-0.09279121175730869
-0.5587890488516163
-0.8879758383376634
-0.9997551733586199
-0.8667595742607592
-0.5215510020869119
-0.04864855487508726
0.43616475524782494
0.8141897215084345
0.9928726480845371
0.9284657227653786
0.6367380071391379
0.18911462035089152
-0.3048106211022167
-0.7241075918674496
-0.9661177700083929
-0.9715886235161092
-0.7391806966492228
-0.32579555541456173
0.16735570030280691
0.6195324438519512
0.9200260381967906
0.9952651713612277
0.8268286794901034
0.45595569022148996
-0.026551154023966794
-0.5025573497604873
-0.8555199789753223
-0.999021480034635
-0.8979276806892913
-0.5769898687885426
-0.11478481378318722
0.375523566896625
0.7738906815578891
0.9827823669926928
0.9510546532543747
0.6864755912087755
0.25382336276203626
-0.2409736772881011
-0.6767719568873076
-0.9468728581933475
-0.9851462604682474
-0.7822215000035424
-0.38778163540943045
0.1016006978902495
0.5661076368981803
0.8920116826993705
0.9995201585807313
0.862311240157329
0.5139784559875352
0.039805820166669656
-0.4441126687075084
-0.8192968873112808
-0.9938886539233752
-0.9251418149764185
-0.6298879942744539
-0.1804156244623088
0.31322878243308516
0.7301838591531669
0.9683644611001854
0.9694556700786149
0.7331903200732922
0.31741440880766936
-0.1760756199485871
-0.6264561960895026
-0.9234584470040598
-0.9943658633527529
-0.8218178366308225
-0.44806014160260915
0.03539830273366068
0.5101900080017631
0.8600694058124533
0.9993738171110836
0.8939966636005579
0.5697379476169631
0.10598751175115685
-0.38371236343503057
-0.7794660696158047
-0.9843792971250844
-0.9482821412699473
-0.6800124447360528
-0.24525198546765434
0.24955471330524379
0.683261714736121
0.9496824188142243
0.9835877454343449
0.7766764881502719
0.3796077390275217
-0.11040222389190282
-0.5733818719904229
-0.8959776404338033
-0.9992068341863537
-0.857795346373455
-0.5063656411097588
-0.030959966783271346
0.45202578717835057
0.82433986348825
0.9948267913584063
0.9217454249067293
0.6229886314423488
0.17170249351277814
-0.32162240316253093
-0.7362029185702026
-0.9705352835374847
-0.9672467624934477
-0.7271425000808526
-0.30900839366720273
0.18478174456066745
0.6333308672314487
0.926818505417785
0.9933886495524434
0.8167426066363169
0.44012948872139646
-0.044242678085070965
-0.5177826942789717
-0.8645514486106083
-0.9996478560364893
-0.8899956043668333
-0.562441389066343
-0.09718190589320902
0.39187109718004004
0.7849803886813105
0.98589910388525
0.9454353340247703
0.6734960211850264
0.23666139336428604
-0.2581161974066756
-0.689697940935389
-0.9524175744665119
-0.9819521690440836
-0.7710706258605184
-0.3714041014380902
0.11919510018725629
0.5806111842123143
0.8998734008192355
0.9988152247235795
0.8532122467168191
0.4987131538963941
0.0221116877728314
-0.45990349068959124
-0.8293182549362247
-0.9956869868891794
-0.9182768186539993
-0.6160404591886565
-0.1629759101518061
0.329990825673782
0.7421642985420401
0.972630067242408
0.9649620738223555
0.7210377105017316
0.3005781685810014
-0.19347339203846847
-0.6401559186664806
-0.9301059501867618
-0.992333606522275
-0.8116033871367004
-0.4321643529223842
0.05308358714605824
0.5253348137263215
0.8689657562142357
0.9998435753406666
0.8859248164599484
0.5551007648016929
0.08836868610400143
-0.3999991289176214
-0.7904332067228887
-0.9873416682005692
-0.9425144545582509
-0.6669268310993051
-0.2280522595008612
0.2666574588239974
0.6960801312247415
0.9550781108583937
0.9802396594403116
0.7654043523379565
0.363171365373259
-0.12797863787897792
-0.5877950071674065
-0.9036986586337072
-0.9983453608739179
-0.8485623002604958
-0.49102159389846933
-0.013261676373330016
0.4677451620451334
0.8342316716121213
0.9964691731217737
0.9147362679738538
0.6090440218832924
0.15423655808285816
-0.3383333943242765
-0.7480675320111867
-0.9746486480944947
-0.9626017830643233
-0.7148764296291646
